#! FIELDS time rg sigma_rg height biasf
#! SET multivariate false
#! SET kerneltype gaussian
      1.000000047497451     0.9228213103288035                    0.1     0.6235846871186818                      1
      2.000000094994903     0.9300775390857177                    0.1     0.4859690499478802                      1
      3.000000142492354      0.949391650651835                    0.1      0.404613199446361                      1
      4.000000189989805      0.958103903690551                    0.1     0.3478071407922866                      1
      5.000000237487257     0.9665609550118304                    0.1     0.3071177755598948                      1
      6.000000284984708     0.9795924547892834                    0.1     0.2806250951778275                      1
      7.000000332482159     0.9475362076736819                    0.1     0.2380539167997503                      1
       8.00000037997961     0.8814700451520295                    0.1     0.2619417596329258                      1
      9.000000427477062     0.8944543570394365                    0.1     0.2211550805618171                      1
      10.00000047497451     0.9352475695819046                    0.1     0.1830975665613323                      1
