#! FIELDS time re sigma_re height biasf
#! SET multivariate false
#! SET kerneltype gaussian
      1.000000047497451      2.658722782550916                    0.1     0.6235846871186818                      1
      2.000000094994903      2.572616382269703                    0.1     0.5247510050135253                      1
      3.000000142492354      2.692445351301837                    0.1     0.4443854407593804                      1
      4.000000189989805      2.755168839803533                    0.1     0.4424689031532397                      1
      5.000000237487257      2.727286809922109                    0.1     0.3423908179728963                      1
      6.000000284984708      2.794054406732986                    0.1     0.3786728263734941                      1
      7.000000332482159      2.695049604720114                    0.1     0.2578951874436251                      1
       8.00000037997961      2.557641216564658                    0.1     0.3644426773800353                      1
      9.000000427477062      2.565291011833272                    0.1     0.3040485118334843                      1
      10.00000047497451      2.609408480921339                    0.1     0.2267444737360615                      1
